249.00 101.00 8.00 3.97 1.00
253.00 124.00 5.00 3.46 1.00
255.00 109.00 15.00 3.60 1.00
242.00 111.00 14.00 3.78 1.00
240.00 102.00 7.00 4.09 1.00
249.00 113.00 9.00 3.93 1.00
245.00 116.00 1.00 3.78 1.00
237.00 103.00 10.00 4.05 1.00
240.00 90.00 3.00 3.49 1.00
236.00 118.00 15.00 3.92 1.00
249.00 91.00 2.00 4.08 1.00
241.00 96.00 0.00 4.06 1.00
235.00 108.00 0.00 3.58 1.00
236.00 113.00 1.00 3.93 1.00
239.00 113.00 10.00 3.54 1.00
246.00 115.00 0.00 3.93 1.00
253.00 112.00 11.00 3.50 1.00
249.00 106.00 14.00 3.68 1.00
243.00 95.00 4.00 3.79 1.00
247.00 112.00 15.00 3.56 1.00
238.00 103.00 2.00 3.60 1.00
250.00 102.00 2.00 3.74 1.00
241.00 119.00 8.00 3.97 1.00
250.00 98.00 13.00 4.05 1.00
249.00 119.00 7.00 3.63 1.00
253.00 118.00 8.00 3.77 1.00
244.00 103.00 17.00 3.54 1.00
251.00 105.00 6.00 4.12 1.00
253.00 103.00 16.00 3.89 1.00
246.00 118.00 3.00 3.70 1.00
251.00 115.00 10.00 4.17 1.00
241.00 107.00 12.00 3.73 1.00
241.00 102.00 6.00 3.91 1.00
246.00 103.00 11.00 3.98 1.00
252.00 98.00 3.00 3.90 1.00
252.00 96.00 8.00 3.51 1.00
244.00 98.00 2.00 3.61 1.00
243.00 114.00 19.00 3.54 1.00
245.00 114.00 5.00 4.01 1.00
242.00 106.00 2.00 4.16 1.00
235.00 96.00 13.00 3.86 1.00
237.00 111.00 7.00 3.75 1.00
245.00 115.00 10.00 3.64 1.00
252.00 111.00 0.00 3.85 1.00
244.00 94.00 3.00 3.71 1.00
244.00 115.00 12.00 3.80 1.00
238.00 107.00 7.00 3.83 1.00
252.00 124.00 8.00 3.88 1.00
248.00 93.00 11.00 3.90 1.00
238.00 105.00 12.00 3.94 1.00
246.00 111.00 7.00 3.80 1.00
246.00 101.00 2.00 3.99 1.00
243.00 107.00 3.00 4.01 1.00
252.00 104.00 3.00 3.96 1.00
249.00 107.00 13.00 4.10 1.00
249.00 105.00 6.00 3.80 1.00
249.00 94.00 14.00 3.85 1.00
254.00 110.00 5.00 3.70 1.00
253.00 106.00 6.00 3.98 1.00
250.00 109.00 17.00 3.55 1.00
235.00 99.00 4.00 4.18 1.00
242.00 98.00 10.00 3.68 1.00
249.00 113.00 0.00 3.52 1.00
253.00 107.00 2.00 3.55 1.00
237.00 98.00 5.00 3.64 1.00
240.00 99.00 1.00 4.02 1.00
245.00 104.00 8.00 3.69 1.00
250.00 115.00 4.00 3.59 1.00
240.00 105.00 7.00 3.99 1.00
242.00 115.00 15.00 3.77 1.00
237.00 109.00 13.00 4.16 1.00
247.00 96.00 19.00 3.86 1.00
243.00 96.00 18.00 4.08 1.00
239.00 119.00 9.00 3.63 1.00
241.00 120.00 15.00 4.20 1.00
239.00 106.00 2.00 3.93 1.00
239.00 97.00 13.00 3.99 1.00
244.00 91.00 6.00 3.71 1.00
240.00 95.00 5.00 3.73 1.00
250.00 93.00 8.00 4.09 1.00
246.00 119.00 1.00 3.80 1.00
238.00 111.00 18.00 4.00 1.00
255.00 112.00 2.00 3.80 1.00
255.00 92.00 15.00 4.03 1.00
254.00 101.00 3.00 3.99 1.00
254.00 115.00 18.00 4.07 1.00
252.00 98.00 12.00 3.60 1.00
252.00 108.00 9.00 3.77 1.00
251.00 113.00 10.00 3.93 1.00
247.00 112.00 4.00 3.42 1.00
252.00 104.00 19.00 3.96 1.00
254.00 123.00 0.00 4.10 1.00
244.00 96.00 5.00 3.76 1.00
242.00 114.00 0.00 3.71 1.00
237.00 96.00 4.00 4.20 1.00
255.00 105.00 8.00 4.04 1.00
243.00 104.00 4.00 4.07 1.00
238.00 101.00 16.00 3.58 1.00
245.00 121.00 0.00 3.93 1.00
245.00 123.00 1.00 3.50 1.00
249.00 104.00 6.00 3.64 1.00
246.00 116.00 9.00 3.56 1.00
248.00 92.00 18.00 3.85 1.00
237.00 106.00 16.00 4.07 1.00
236.00 110.00 4.00 3.56 1.00
239.00 122.00 17.00 3.55 1.00
255.00 105.00 2.00 3.78 1.00
246.00 95.00 7.00 3.54 1.00
242.00 109.00 10.00 3.92 1.00
255.00 99.00 5.00 3.51 1.00
246.00 88.00 8.00 3.49 1.00
254.00 111.00 11.00 3.50 1.00
246.00 105.00 2.00 3.56 1.00
253.00 107.00 17.00 3.48 1.00
236.00 93.00 4.00 3.77 1.00
247.00 120.00 17.00 3.52 1.00
243.00 92.00 16.00 3.71 1.00
252.00 107.00 8.00 3.62 1.00
239.00 111.00 13.00 3.54 1.00
241.00 93.00 2.00 3.45 1.00
253.00 95.00 11.00 4.19 1.00
246.00 108.00 3.00 3.62 1.00
254.00 102.00 13.00 3.98 1.00
238.00 122.00 3.00 3.83 1.00
241.00 95.00 10.00 3.61 1.00
240.00 120.00 18.00 3.85 1.00
239.00 107.00 8.00 3.85 1.00
243.00 107.00 3.00 3.58 1.00
246.00 117.00 0.00 3.51 1.00
252.00 105.00 10.00 3.81 1.00
239.00 113.00 9.00 3.79 1.00
239.00 105.00 6.00 4.19 1.00
244.00 117.00 2.00 4.09 1.00
242.00 108.00 4.00 3.74 1.00
246.00 111.00 9.00 4.01 1.00
252.00 105.00 18.00 3.95 1.00
247.00 117.00 12.00 4.00 1.00
249.00 111.00 6.00 3.73 1.00
251.00 119.00 8.00 4.18 1.00
240.00 105.00 2.00 3.46 1.00
248.00 97.00 0.00 4.09 1.00
254.00 93.00 13.00 3.49 1.00
248.00 108.00 0.00 4.09 1.00
247.00 110.00 8.00 3.93 1.00
249.00 119.00 7.00 3.95 1.00
252.00 117.00 9.00 4.02 1.00
241.00 108.00 10.00 3.46 1.00
240.00 108.00 19.00 3.52 1.00
235.00 91.00 2.00 4.17 1.00
237.00 112.00 3.00 3.70 1.00
252.00 98.00 6.00 3.82 1.00
243.00 111.00 8.00 3.91 1.00
245.00 115.00 5.00 3.93 1.00
251.00 114.00 2.00 3.59 1.00
246.00 103.00 9.00 4.09 1.00
241.00 96.00 8.00 3.63 1.00
250.00 98.00 6.00 3.54 1.00
238.00 112.00 2.00 3.68 1.00
244.00 90.00 4.00 3.93 1.00
244.00 117.00 13.00 3.73 1.00
251.00 123.00 9.00 3.68 1.00
236.00 114.00 3.00 3.75 1.00
239.00 104.00 9.00 3.56 1.00
245.00 92.00 2.00 3.74 1.00
255.00 90.00 8.00 3.78 1.00
238.00 102.00 1.00 3.52 1.00
242.00 110.00 10.00 3.87 1.00
241.00 103.00 10.00 3.61 1.00
253.00 90.00 19.00 3.92 1.00
251.00 88.00 2.00 3.54 1.00
248.00 106.00 15.00 3.85 1.00
253.00 111.00 15.00 3.87 1.00
252.00 106.00 3.00 3.60 1.00
235.00 102.00 0.00 3.51 1.00
249.00 103.00 2.00 3.90 1.00
236.00 101.00 7.00 3.76 1.00
253.00 117.00 11.00 3.73 1.00
244.00 119.00 16.00 3.68 1.00
254.00 91.00 18.00 3.52 1.00
236.00 96.00 13.00 3.85 1.00
253.00 121.00 1.00 3.69 1.00
249.00 98.00 8.00 3.90 1.00
250.00 99.00 3.00 3.87 1.00
246.00 110.00 7.00 3.44 1.00
254.00 94.00 15.00 3.96 1.00
236.00 116.00 1.00 3.67 1.00
247.00 114.00 16.00 3.98 1.00
254.00 104.00 2.00 3.90 1.00
251.00 107.00 0.00 3.76 1.00
235.00 102.00 2.00 3.77 1.00
235.00 117.00 0.00 3.31 2.00
238.00 117.00 11.00 3.42 2.00
251.00 89.00 6.00 3.20 2.00
248.00 115.00 2.00 3.07 2.00
247.00 125.00 6.00 3.13 2.00
237.00 101.00 1.00 3.24 2.00
240.00 104.00 16.00 3.28 2.00
228.00 109.00 10.00 3.35 2.00
250.00 108.00 2.00 3.41 2.00
237.00 99.00 1.00 3.02 2.00
242.00 97.00 10.00 3.24 2.00
244.00 112.00 3.00 3.23 2.00
231.00 91.00 2.00 3.25 2.00
242.00 112.00 4.00 3.17 2.00
242.00 122.00 4.00 3.27 2.00
227.00 116.00 1.00 3.46 2.00
253.00 116.00 11.00 3.35 2.00
241.00 104.00 3.00 3.15 2.00
234.00 103.00 17.00 3.35 2.00
251.00 107.00 9.00 3.06 2.00
236.00 103.00 7.00 3.49 2.00
233.00 106.00 8.00 3.18 2.00
227.00 101.00 14.00 3.46 2.00
238.00 108.00 11.00 3.48 2.00
230.00 115.00 1.00 3.33 2.00
240.00 112.00 2.00 3.11 2.00
227.00 101.00 13.00 3.32 2.00
249.00 96.00 4.00 3.00 2.00
252.00 110.00 4.00 3.41 2.00
237.00 89.00 7.00 3.02 2.00
232.00 120.00 9.00 3.28 2.00
246.00 93.00 4.00 3.13 2.00
238.00 103.00 4.00 3.37 2.00
244.00 104.00 18.00 3.39 2.00
248.00 115.00 11.00 3.10 2.00
249.00 100.00 9.00 3.14 2.00
255.00 96.00 3.00 3.36 2.00
232.00 114.00 11.00 3.30 2.00
231.00 111.00 10.00 3.47 2.00
253.00 118.00 3.00 3.46 2.00
244.00 123.00 4.00 3.05 2.00
239.00 111.00 2.00 3.28 2.00
235.00 107.00 6.00 3.25 2.00
242.00 99.00 14.00 3.10 2.00
244.00 101.00 17.00 3.42 2.00
231.00 113.00 4.00 3.06 2.00
233.00 120.00 5.00 3.26 2.00
239.00 109.00 2.00 3.05 2.00
252.00 99.00 6.00 3.31 2.00
235.00 102.00 12.00 3.01 2.00
230.00 104.00 17.00 3.02 2.00
248.00 95.00 1.00 3.11 2.00
239.00 111.00 4.00 3.03 2.00
240.00 95.00 2.00 3.02 2.00
231.00 103.00 4.00 3.40 2.00
227.00 112.00 13.00 3.09 2.00
238.00 112.00 15.00 3.32 2.00
231.00 99.00 0.00 3.13 2.00
236.00 101.00 13.00 3.03 2.00
243.00 91.00 10.00 3.49 2.00
241.00 116.00 1.00 3.29 2.00
239.00 99.00 7.00 3.05 2.00
226.00 115.00 8.00 3.08 2.00
240.00 105.00 2.00 3.18 2.00
250.00 108.00 2.00 3.44 2.00
240.00 96.00 4.00 3.12 2.00
254.00 103.00 3.00 3.07 2.00
239.00 106.00 7.00 3.09 2.00
247.00 108.00 4.00 3.48 2.00
242.00 102.00 17.00 3.45 2.00
250.00 110.00 0.00 3.17 2.00
255.00 120.00 14.00 3.08 2.00
239.00 114.00 4.00 3.41 2.00
231.00 104.00 1.00 3.32 2.00
249.00 99.00 6.00 3.45 2.00
252.00 106.00 5.00 3.43 2.00
247.00 110.00 9.00 3.41 2.00
248.00 112.00 3.00 3.39 2.00
231.00 93.00 2.00 3.22 2.00
242.00 94.00 9.00 3.49 2.00
241.00 97.00 6.00 3.39 2.00
233.00 106.00 5.00 3.35 2.00
250.00 105.00 0.00 3.33 2.00
232.00 98.00 9.00 3.47 2.00
253.00 113.00 0.00 3.44 2.00
233.00 100.00 14.00 3.07 2.00
249.00 120.00 1.00 3.35 2.00
255.00 115.00 10.00 3.35 2.00
250.00 101.00 3.00 3.45 2.00
246.00 98.00 4.00 3.35 2.00
244.00 113.00 2.00 3.36 2.00
232.00 110.00 4.00 3.39 2.00
246.00 99.00 1.00 3.42 2.00
231.00 108.00 4.00 3.17 2.00
232.00 94.00 8.00 3.08 2.00
242.00 109.00 11.00 3.47 2.00
240.00 103.00 2.00 3.20 2.00
229.00 98.00 1.00 3.14 2.00
250.00 104.00 2.00 3.20 2.00
247.00 105.00 2.00 3.01 2.00
253.00 106.00 4.00 3.07 2.00
230.00 108.00 2.00 3.15 2.00
252.00 126.00 4.00 3.22 2.00
255.00 104.00 3.00 3.12 2.00
232.00 100.00 8.00 3.41 2.00
253.00 114.00 7.00 3.16 2.00
232.00 107.00 11.00 3.08 2.00
243.00 105.00 1.00 3.33 2.00
243.00 95.00 5.00 3.10 2.00
244.00 102.00 8.00 3.36 2.00
242.00 99.00 8.00 3.44 2.00
234.00 100.00 0.00 3.25 2.00
240.00 104.00 4.00 3.24 2.00
235.00 113.00 2.00 3.43 2.00
254.00 118.00 11.00 3.44 2.00
245.00 121.00 5.00 3.13 2.00
251.00 112.00 13.00 3.10 2.00
238.00 119.00 2.00 3.29 2.00
234.00 98.00 9.00 3.14 2.00
252.00 109.00 7.00 3.05 2.00
241.00 102.00 1.00 3.44 2.00
237.00 105.00 1.00 3.19 2.00
228.00 119.00 4.00 3.08 2.00
227.00 106.00 12.00 3.22 2.00
234.00 99.00 12.00 3.25 2.00
236.00 113.00 10.00 3.42 2.00
247.00 115.00 5.00 3.42 2.00
241.00 96.00 1.00 3.31 2.00
247.00 105.00 3.00 3.30 2.00
254.00 97.00 0.00 3.35 2.00
243.00 126.00 7.00 3.37 2.00
229.00 98.00 3.00 3.16 2.00
243.00 107.00 11.00 3.37 2.00
232.00 109.00 16.00 3.37 2.00
231.00 102.00 4.00 3.10 2.00
242.00 121.00 0.00 3.24 2.00
250.00 103.00 12.00 3.22 2.00
242.00 98.00 1.00 3.40 2.00
246.00 109.00 10.00 3.45 2.00
248.00 100.00 4.00 3.21 2.00
227.00 104.00 1.00 3.44 2.00
232.00 96.00 16.00 3.24 2.00
255.00 101.00 12.00 3.25 2.00
227.00 109.00 5.00 3.14 2.00
236.00 117.00 5.00 3.13 2.00
240.00 114.00 2.00 3.43 2.00
239.00 105.00 8.00 3.28 2.00
249.00 116.00 15.00 3.31 2.00
230.00 108.00 3.00 3.14 2.00
244.00 103.00 11.00 3.22 2.00
254.00 108.00 2.00 3.48 2.00
238.00 94.00 3.00 3.07 2.00
250.00 89.00 8.00 3.45 2.00
255.00 97.00 7.00 3.42 2.00
235.00 100.00 6.00 3.45 2.00
236.00 94.00 7.00 3.36 2.00
254.00 103.00 8.00 3.38 2.00
237.00 105.00 14.00 3.32 2.00
230.00 99.00 7.00 3.36 2.00
250.00 102.00 1.00 3.09 2.00
241.00 118.00 3.00 3.38 2.00
237.00 109.00 1.00 3.09 2.00
229.00 116.00 17.00 3.20 2.00
238.00 109.00 4.00 3.23 2.00
232.00 115.00 5.00 3.29 2.00
237.00 105.00 3.00 3.31 2.00
227.00 116.00 0.00 3.06 2.00
232.00 99.00 11.00 3.27 2.00
234.00 97.00 3.00 3.37 2.00
244.00 111.00 3.00 3.31 2.00
249.00 123.00 3.00 3.38 2.00
237.00 96.00 11.00 3.24 2.00
244.00 105.00 3.00 3.43 2.00
246.00 106.00 8.00 3.27 2.00
249.00 121.00 0.00 3.16 2.00
251.00 112.00 11.00 3.47 2.00
232.00 110.00 16.00 3.40 2.00
231.00 98.00 6.00 3.41 2.00
242.00 117.00 5.00 3.29 2.00
234.00 105.00 6.00 3.22 2.00
241.00 115.00 4.00 3.10 2.00
247.00 110.00 11.00 3.34 2.00
229.00 108.00 9.00 3.13 2.00
251.00 113.00 2.00 3.50 2.00
247.00 124.00 1.00 3.46 2.00
227.00 116.00 7.00 3.26 2.00
232.00 124.00 5.00 3.40 2.00
242.00 109.00 3.00 3.49 2.00
255.00 104.00 13.00 3.27 2.00
244.00 115.00 3.00 3.02 2.00
224.00 107.00 3.00 4.05 2.00
216.00 104.00 4.00 3.80 2.00
236.00 103.00 5.00 4.27 2.00
179.00 97.00 9.00 4.22 2.00
192.00 99.00 1.00 4.24 2.00
196.00 106.00 0.00 4.25 2.00
212.00 98.00 5.00 4.00 2.00
194.00 95.00 2.00 4.05 2.00
176.00 100.00 2.00 4.27 2.00
208.00 108.00 0.00 4.23 2.00
185.00 107.00 3.00 4.00 2.00
192.00 85.00 2.00 4.30 2.00
212.00 95.00 0.00 4.22 2.00
218.00 88.00 8.00 4.06 2.00
190.00 103.00 0.00 3.85 2.00
228.00 86.00 2.00 4.23 3.00
209.00 102.00 2.00 4.26 3.00
183.00 119.00 7.00 4.33 3.00
220.00 98.00 7.00 4.01 3.00
194.00 100.00 0.00 4.18 3.00
202.00 106.00 6.00 4.29 3.00
213.00 98.00 3.00 3.99 3.00
201.00 100.00 7.00 3.90 3.00
235.00 96.00 1.00 4.05 3.00
234.00 102.00 5.00 3.83 3.00
220.00 93.00 0.00 4.06 3.00
180.00 102.00 3.00 4.30 3.00
220.00 104.00 5.00 3.94 3.00
187.00 96.00 4.00 4.18 3.00
231.00 80.00 5.00 4.06 3.00
195.00 106.00 6.00 4.00 3.00
206.00 99.00 2.00 3.89 3.00
177.00 93.00 6.00 4.14 3.00
237.00 99.00 1.00 4.12 3.00
192.00 93.00 0.00 4.09 3.00
194.00 98.00 6.00 4.33 3.00
196.00 81.00 3.00 3.96 3.00
197.00 93.00 4.00 4.10 3.00
229.00 94.00 1.00 4.38 3.00
185.00 91.00 7.00 4.02 3.00
200.00 108.00 2.00 4.13 3.00
210.00 86.00 3.00 4.03 3.00
187.00 90.00 2.00 4.29 3.00
191.00 98.00 2.00 4.37 3.00
211.00 105.00 4.00 4.23 3.00
193.00 110.00 5.00 3.95 3.00
203.00 106.00 1.00 4.19 3.00
195.00 109.00 1.00 3.89 3.00
205.00 105.00 9.00 4.22 3.00
237.00 95.00 9.00 3.83 3.00
224.00 91.00 5.00 4.39 3.00
237.00 116.00 0.00 4.12 3.00
202.00 96.00 1.00 4.05 3.00
230.00 105.00 0.00 4.22 3.00
188.00 111.00 2.00 3.99 3.00
197.00 93.00 9.00 3.83 3.00
187.00 100.00 6.00 3.94 3.00
216.00 99.00 6.00 4.37 3.00
202.00 83.00 0.00 4.30 3.00
231.00 85.00 4.00 3.99 3.00
226.00 105.00 2.00 4.26 3.00
226.00 85.00 10.00 3.84 3.00
198.00 105.00 0.00 4.13 3.00
184.00 102.00 1.00 4.36 3.00
226.00 83.00 6.00 4.12 3.00
179.00 113.00 10.00 4.06 3.00
206.00 96.00 2.00 4.26 3.00
200.00 86.00 0.00 3.99 3.00
181.00 107.00 5.00 3.91 3.00
208.00 90.00 2.00 4.20 3.00
197.00 91.00 2.00 3.93 3.00
182.00 88.00 2.00 4.30 3.00
220.00 107.00 0.00 4.32 3.00
218.00 86.00 1.00 4.27 3.00
192.00 98.00 0.00 3.81 3.00
230.00 113.00 1.00 4.18 3.00
205.00 100.00 1.00 3.80 3.00
224.00 99.00 5.00 4.00 3.00
196.00 95.00 6.00 3.91 3.00
191.00 88.00 2.00 4.20 3.00
196.00 100.00 3.00 3.87 3.00
207.00 103.00 4.00 4.18 3.00
197.00 98.00 1.00 4.13 3.00
202.00 101.00 0.00 4.36 3.00
220.00 117.00 0.00 4.03 3.00
181.00 98.00 6.00 4.06 3.00
186.00 91.00 4.00 4.04 3.00
196.00 106.00 11.00 4.19 3.00
189.00 100.00 2.00 4.28 3.00
200.00 89.00 0.00 3.86 3.00
208.00 115.00 2.00 4.20 3.00
195.00 113.00 4.00 3.96 3.00
212.00 110.00 6.00 4.35 3.00
202.00 82.00 0.00 4.12 3.00
231.00 96.00 2.00 4.01 3.00
184.00 97.00 5.00 4.13 3.00
185.00 85.00 6.00 3.99 3.00
199.00 94.00 5.00 3.98 3.00
212.00 119.00 1.00 4.26 3.00
224.00 101.00 0.00 3.92 3.00
213.00 115.00 3.00 3.98 3.00
189.00 107.00 5.00 3.92 3.00
218.00 96.00 5.00 4.02 3.00
187.00 81.00 0.00 4.12 3.00
219.00 97.00 0.00 3.97 3.00
212.00 117.00 9.00 3.92 3.00
196.00 104.00 5.00 3.85 3.00
220.00 99.00 3.00 3.95 3.00
207.00 109.00 0.00 4.37 3.00
223.00 86.00 0.00 3.99 3.00
201.00 97.00 6.00 4.35 3.00
223.00 115.00 2.00 4.06 3.00
216.00 91.00 7.00 4.02 3.00
230.00 81.00 4.00 4.24 3.00
209.00 100.00 5.00 4.09 3.00
202.00 106.00 5.00 3.81 3.00
219.00 81.00 5.00 4.10 3.00
204.00 96.00 8.00 4.05 3.00
206.00 95.00 9.00 4.33 3.00
211.00 85.00 2.00 4.04 3.00
227.00 87.00 0.00 4.24 3.00
204.00 88.00 0.00 3.97 3.00
198.00 81.00 2.00 3.97 3.00
201.00 83.00 1.00 4.25 3.00
211.00 104.00 5.00 4.13 3.00
208.00 97.00 5.00 3.83 3.00
215.00 89.00 4.00 4.25 3.00
208.00 117.00 5.00 4.11 3.00
192.00 82.00 3.00 4.22 3.00
210.00 103.00 2.00 4.05 3.00
187.00 101.00 3.00 4.03 3.00
226.00 94.00 9.00 4.02 3.00
226.00 94.00 2.00 4.10 3.00
197.00 91.00 0.00 4.08 3.00
196.00 82.00 0.00 3.89 3.00
229.00 93.00 5.00 4.12 3.00
213.00 87.00 1.00 4.15 3.00
196.00 94.00 1.00 3.90 3.00
207.00 98.00 7.00 4.33 3.00
208.00 95.00 5.00 3.91 3.00
214.00 113.00 2.00 4.05 3.00
193.00 98.00 7.00 3.87 3.00
198.00 115.00 10.00 4.23 3.00
175.00 87.00 0.00 4.00 3.00
192.00 99.00 9.00 4.12 3.00
191.00 101.00 2.00 4.22 3.00
204.00 100.00 1.00 3.91 3.00
199.00 107.00 0.00 4.01 3.00
199.00 88.00 0.00 4.33 3.00
216.00 103.00 2.00 4.39 3.00
175.00 110.00 3.00 3.80 3.00
196.00 115.00 6.00 3.82 3.00
196.00 97.00 4.00 4.26 3.00
191.00 86.00 2.00 4.14 3.00
189.00 97.00 1.00 4.13 3.00
217.00 88.00 0.00 3.86 3.00
220.00 107.00 3.00 4.13 3.00
178.00 116.00 11.00 4.07 3.00
193.00 103.00 9.00 3.81 3.00
219.00 89.00 5.00 4.22 3.00
175.00 81.00 1.00 4.13 3.00
183.00 88.00 4.00 4.29 3.00
204.00 114.00 3.00 4.04 3.00
197.00 113.00 5.00 3.83 3.00
201.00 96.00 4.00 4.14 3.00
182.00 118.00 1.00 4.20 3.00
219.00 90.00 2.00 4.28 3.00
191.00 80.00 2.00 3.92 3.00
222.00 92.00 6.00 4.38 3.00
223.00 111.00 1.00 4.32 3.00
210.00 97.00 0.00 4.34 3.00
192.00 100.00 2.00 4.04 3.00
229.00 96.00 2.00 4.04 3.00
206.00 93.00 4.00 4.06 3.00
203.00 98.00 1.00 3.95 3.00
209.00 104.00 6.00 4.01 3.00
223.00 95.00 2.00 3.88 3.00
192.00 92.00 10.00 4.36 3.00
203.00 104.00 3.00 3.80 3.00
223.00 112.00 1.00 4.16 3.00
224.00 103.00 0.00 4.38 3.00
209.00 111.00 0.00 3.96 3.00
211.00 107.00 3.00 4.18 3.00
193.00 90.00 7.00 3.92 3.00
214.00 90.00 0.00 4.31 3.00
185.00 104.00 3.00 4.08 3.00
223.00 81.00 1.00 3.81 3.00
201.00 115.00 1.00 4.24 3.00
195.00 116.00 2.00 4.31 3.00
223.00 94.00 4.00 4.01 3.00
180.00 113.00 6.00 4.24 3.00
218.00 91.00 0.00 4.09 3.00
186.00 98.00 7.00 4.04 3.00
198.00 95.00 11.00 4.24 3.00
196.00 88.00 2.00 4.26 3.00
214.00 99.00 5.00 4.03 3.00
176.00 117.00 2.00 4.10 3.00
193.00 82.00 9.00 4.30 3.00
192.00 85.00 2.00 4.10 3.00
215.00 104.00 5.00 4.20 3.00
198.00 110.00 5.00 4.06 3.00
210.00 80.00 1.00 4.20 3.00
224.00 86.00 2.00 3.92 3.00
193.00 90.00 1.00 4.09 3.00
233.00 84.00 0.00 4.21 3.00
184.00 99.00 0.00 4.09 3.00
193.00 82.00 1.00 3.86 3.00
183.00 109.00 3.00 4.39 3.00
220.00 84.00 5.00 4.01 3.00
200.00 88.00 0.00 4.37 3.00
182.00 103.00 2.00 3.88 3.00
206.00 89.00 7.00 4.33 3.00
203.00 113.00 7.00 4.37 3.00
202.00 102.00 4.00 4.01 3.00
218.00 117.00 6.00 3.95 3.00
220.00 87.00 6.00 4.05 3.00
197.00 95.00 2.00 4.21 3.00
209.00 95.00 4.00 4.16 3.00
207.00 105.00 3.00 4.14 3.00
224.00 88.00 2.00 4.29 3.00
212.00 93.00 4.00 4.16 3.00
206.00 99.00 9.00 3.88 3.00
188.00 103.00 2.00 3.88 3.00
218.00 93.00 2.00 4.04 3.00
208.00 101.00 3.00 4.32 3.00
215.00 97.00 2.00 4.03 3.00
219.00 99.00 0.00 4.19 3.00
202.00 109.00 4.00 4.24 3.00
219.00 105.00 5.00 4.34 3.00
205.00 83.00 6.00 3.87 3.00
197.00 254.00 96.00 3.32 3.00
197.00 246.00 100.00 2.90 3.00
197.00 253.00 105.00 2.48 3.00
197.00 253.00 104.00 3.14 3.00
197.00 244.00 95.00 3.04 3.00
197.00 252.00 101.00 3.11 3.00
197.00 247.00 110.00 2.59 3.00
197.00 250.00 106.00 2.69 3.00
197.00 247.00 105.00 2.91 3.00
197.00 250.00 106.00 2.42 3.00
197.00 250.00 93.00 2.68 3.00
197.00 241.00 105.00 3.00 3.00
197.00 244.00 97.00 3.25 3.00
197.00 252.00 104.00 2.45 3.00
197.00 254.00 102.00 3.05 3.00
197.00 241.00 96.00 2.73 4.00
197.00 246.00 102.00 3.10 4.00
197.00 252.00 98.00 2.68 4.00
197.00 247.00 98.00 3.09 4.00
197.00 242.00 109.00 2.95 4.00
197.00 248.00 99.00 3.18 4.00
197.00 241.00 99.00 3.34 4.00
197.00 242.00 97.00 2.97 4.00
197.00 254.00 103.00 3.15 4.00
197.00 244.00 101.00 3.41 4.00
197.00 254.00 96.00 3.04 4.00
197.00 247.00 105.00 2.90 4.00
197.00 254.00 103.00 3.09 4.00
197.00 249.00 104.00 3.12 4.00
197.00 252.00 104.00 2.75 4.00
197.00 243.00 102.00 3.20 4.00
197.00 254.00 100.00 3.25 4.00
197.00 254.00 104.00 2.97 4.00
197.00 246.00 103.00 2.91 4.00
197.00 245.00 103.00 2.59 4.00
197.00 253.00 93.00 2.96 4.00
197.00 242.00 98.00 2.60 4.00
197.00 251.00 102.00 2.59 4.00
197.00 252.00 105.00 2.81 4.00
197.00 252.00 101.00 2.43 4.00
197.00 248.00 100.00 2.75 4.00
197.00 248.00 109.00 3.38 4.00
197.00 245.00 102.00 3.03 4.00
197.00 247.00 101.00 2.79 4.00
197.00 243.00 97.00 3.38 4.00
197.00 252.00 103.00 3.07 4.00
197.00 248.00 104.00 3.13 4.00
197.00 242.00 98.00 3.00 4.00
197.00 241.00 95.00 2.86 4.00
197.00 254.00 102.00 2.44 4.00
197.00 251.00 98.00 3.24 4.00
197.00 254.00 104.00 3.01 4.00
197.00 246.00 100.00 2.94 4.00
197.00 250.00 95.00 3.02 4.00
197.00 248.00 93.00 2.65 4.00
197.00 251.00 91.00 2.97 4.00
197.00 253.00 96.00 3.27 4.00
197.00 248.00 107.00 2.84 4.00
197.00 249.00 94.00 2.87 4.00
197.00 245.00 101.00 3.42 4.00
197.00 242.00 108.00 2.72 4.00
197.00 240.00 98.00 3.18 4.00
197.00 254.00 93.00 2.83 4.00
197.00 246.00 104.00 3.09 4.00
197.00 248.00 100.00 3.05 4.00
197.00 249.00 108.00 3.28 4.00
197.00 252.00 110.00 3.06 4.00
197.00 249.00 107.00 2.64 4.00
197.00 254.00 103.00 2.67 4.00
197.00 246.00 101.00 2.99 4.00
197.00 247.00 104.00 3.27 4.00
197.00 248.00 97.00 3.18 4.00
197.00 247.00 108.00 3.17 4.00
197.00 241.00 109.00 3.36 4.00
197.00 254.00 104.00 3.27 4.00
197.00 250.00 98.00 3.29 4.00
197.00 254.00 90.00 2.92 4.00
197.00 242.00 101.00 2.78 4.00
197.00 250.00 104.00 2.77 4.00
197.00 253.00 91.00 2.59 4.00
197.00 248.00 92.00 3.44 4.00
197.00 250.00 95.00 2.41 4.00
197.00 241.00 95.00 2.80 4.00
197.00 248.00 99.00 2.75 4.00
197.00 249.00 93.00 2.90 4.00
197.00 245.00 95.00 2.79 4.00
197.00 240.00 95.00 2.43 4.00
197.00 252.00 96.00 3.06 4.00
197.00 241.00 100.00 3.08 4.00
197.00 254.00 104.00 3.27 4.00
197.00 253.00 110.00 3.38 4.00
197.00 241.00 102.00 2.77 4.00
197.00 247.00 99.00 3.15 4.00
197.00 251.00 94.00 3.23 4.00
197.00 240.00 101.00 2.48 4.00
197.00 245.00 101.00 2.86 4.00
197.00 249.00 101.00 2.91 4.00
197.00 254.00 100.00 3.16 4.00
197.00 252.00 90.00 3.28 4.00
197.00 254.00 100.00 3.08 4.00
197.00 254.00 94.00 2.61 4.00
197.00 248.00 98.00 3.18 4.00
197.00 252.00 106.00 2.61 4.00
197.00 240.00 107.00 2.87 4.00
197.00 246.00 104.00 3.05 4.00
197.00 244.00 93.00 2.94 4.00
197.00 245.00 94.00 2.50 4.00
197.00 250.00 100.00 2.70 4.00
197.00 246.00 95.00 3.35 4.00
197.00 248.00 106.00 2.75 4.00
197.00 242.00 103.00 2.95 4.00
197.00 252.00 102.00 2.90 4.00
197.00 240.00 98.00 3.09 4.00
197.00 254.00 104.00 2.82 4.00
197.00 245.00 106.00 3.24 4.00
197.00 254.00 99.00 3.24 4.00
197.00 247.00 98.00 2.77 4.00
197.00 247.00 101.00 3.43 4.00
197.00 245.00 98.00 3.11 4.00
197.00 252.00 96.00 2.94 4.00
197.00 249.00 105.00 2.94 4.00
197.00 244.00 102.00 3.23 4.00
197.00 246.00 102.00 3.17 4.00
197.00 250.00 96.00 3.12 4.00
197.00 245.00 99.00 2.80 4.00
197.00 251.00 106.00 2.42 4.00
197.00 250.00 100.00 2.75 4.00
197.00 251.00 103.00 3.42 4.00
197.00 246.00 90.00 2.93 4.00
197.00 250.00 105.00 3.01 4.00
197.00 248.00 109.00 3.43 4.00
197.00 253.00 105.00 3.33 4.00
197.00 252.00 99.00 2.84 4.00
197.00 248.00 97.00 3.28 4.00
197.00 253.00 103.00 2.80 4.00
197.00 249.00 103.00 2.78 4.00
197.00 246.00 109.00 2.93 4.00
197.00 243.00 109.00 2.81 4.00
197.00 253.00 97.00 3.17 4.00
197.00 241.00 103.00 3.05 4.00
197.00 253.00 93.00 2.60 4.00
197.00 251.00 108.00 3.09 4.00
197.00 253.00 101.00 2.72 4.00
197.00 250.00 99.00 2.73 4.00
197.00 246.00 108.00 2.93 4.00
197.00 247.00 104.00 2.70 4.00
197.00 243.00 105.00 2.41 4.00
197.00 250.00 102.00 2.85 4.00
197.00 254.00 103.00 2.60 4.00
197.00 245.00 102.00 2.67 4.00
197.00 254.00 104.00 3.28 4.00
197.00 245.00 100.00 2.81 4.00
197.00 242.00 106.00 3.03 4.00
197.00 251.00 99.00 3.47 4.00
197.00 251.00 103.00 3.25 4.00
197.00 250.00 91.00 2.94 4.00
197.00 244.00 92.00 2.73 4.00
197.00 254.00 100.00 2.74 4.00
197.00 253.00 101.00 3.07 4.00
197.00 245.00 107.00 3.35 4.00
197.00 247.00 109.00 2.81 4.00
197.00 254.00 103.00 3.01 4.00
197.00 240.00 109.00 2.51 4.00
197.00 247.00 99.00 3.05 4.00
197.00 242.00 106.00 2.74 4.00
197.00 254.00 100.00 3.07 4.00
197.00 245.00 107.00 2.95 4.00
197.00 253.00 99.00 2.64 4.00
197.00 252.00 103.00 3.26 4.00
197.00 248.00 97.00 2.80 4.00
